4.85871315
4.87219429
4.885734558
4.899335384
4.912996769
4.926717281
4.940498352
4.954339027
4.968239307
4.982200146
4.996220589
5.010300636
5.024441242
5.038640499
5.052900314
5.067219257
5.081597328
5.09603548
5.110532761
5.125089169
5.139705181
5.154380322
5.16911459
5.183907509
5.198759079
5.213669777
5.228639126
5.243667126
5.2587533
5.273898125
5.289101124
5.30436182
5.319680691
5.335057735
5.350492477
5.365983963
5.381533623
5.397140503
5.412804127
5.428524971
5.444302082
5.46013689
5.476027489
5.491974354
5.507977486
5.524036884
5.540151596
5.556322575
5.572548866
5.588829994
5.605166912
5.621557713
5.638004303
5.654504776
5.671059608
5.6876688
5.704331875
5.721048832
5.737818718
5.754642487
5.771518707
5.788448334
5.805430412
5.82246542
5.839552402
5.85669136
5.873881817
5.891124249
5.908417702
5.925762653
5.94315815
5.960604668
5.978100777
5.995648384
6.013244629
6.030891418
6.048587322
6.06633234
6.084126472
6.101969719
6.119861126
6.137800694
6.155788422
6.173823833
6.191906929
6.210037231
6.228214264
6.246438026
6.264708519
6.283025742
6.301388264
6.319797039
6.338251114
6.356750488
6.375294685
6.393883705
6.412517071
6.431194782
6.44991684
6.468682289
6.487491131
6.506342888
6.525238037
6.544176102
6.563156128
6.582178593
6.601243019
6.62034893
6.639496326
6.658684731
6.677914619
6.697184563
6.716495037
6.735845566
6.755236626
6.774666309
6.794136047
6.813644409
6.833191872
6.852778435
6.872403145
6.892065525
6.911766052
6.93150425
6.95127964
6.971092224
6.990942001
7.010828018
